 aH2O:   1.00000000000000     
 T_K:   270.378617877066     
 P_atm:  0.821082914991939     
